inf
0.000000
0.100000
0.100000
0.125000
0.120000
0.166667
0.142857
0.137500
0.144444
0.140000
0.145455
0.150000
0.146154
0.157143
0.146667
0.150000
0.147059
0.127778
0.142105
0.150000
0.152381
0.131818
0.130435
0.129167
0.128000
0.130769
0.148148
0.132143
0.127586
0.130000
0.129032
0.225000
0.151515
0.150000
0.151429
0.119444
0.118919
0.121053
0.123077
0.120000
0.141463
0.123810
0.120930
0.136364
0.117778
0.147826
0.138298
0.120833
0.118367
0.120000
0.121569
0.119231
0.120755
0.151852
0.118182
0.119643
0.119298
0.120690
0.122034
0.120000
0.131148
0.119355
0.126984
0.120313
0.120000
0.121212
0.120896
0.119118
0.118841
0.122857
0.122535
0.120833
0.154795
0.120270
0.121333
0.121053
0.124675
0.123077
0.121519
0.120000
0.122222
0.120732
0.120482
0.120238
0.122353
0.119767
0.120690
0.122727
0.121348
0.121111
0.119780
0.152174
0.120430
0.121277
0.150526
0.165625
0.150515
0.185714
0.149495
0.182000
0.152475
0.150000
0.150485
0.150000
0.250476
0.151887
0.279439
0.136111
0.135780
0.119091
0.122523
0.131250
0.121239
0.121053
0.122609
0.120690
0.122222
0.122881
0.121849
0.125000
0.177686
0.121311
0.139024
0.121774
0.152000
0.122222
0.122047
0.122656
0.121705
0.122308
0.148092
0.149242
0.122556
0.200000
0.121481
0.119853
0.121168
0.171014
0.151079
0.152143
0.172340
0.142958
0.180420
0.179861
0.190345
0.155479
0.142857
0.154730
0.153020
0.156000
0.161589
0.134211
0.141176
0.131169
0.145806
0.130769
0.131210
0.144304
0.132704
0.131250
0.147826
0.139506
0.131288
0.150610
0.132121
0.186145
0.146707
0.170238
0.121302
0.121176
0.121637
0.126744
0.121387
0.122414
0.133143
0.121591
0.122034
0.133708
0.121788
0.120556
0.124309
0.120879
0.121858
0.120652
0.180000
0.174194
0.121925
0.120745
0.122222
0.130000
0.151832
0.167708
0.150259
0.150515
0.150256
0.154592
0.158883
0.150000
0.150251
0.168000
0.175622
0.151980
0.153202
0.162745
0.152195
0.151456
0.151691
0.151442
0.150239
0.154286
0.151185
0.190094
0.150704
0.150935
0.150698
0.166667
0.162673
0.151376
0.151142
0.161818
0.157919
0.150000
0.193722
0.163839
0.160889
0.150000
0.156828
0.157456
0.151092
0.153913
0.132900
0.131466
0.172961
0.138889
0.140851
0.132203
0.134177
0.131933
0.133473
0.140833
0.140249
0.165289
0.164198
0.151639
0.151020
0.160569
0.163968
0.152419
0.151807
0.151600
0.154582
0.164286
0.150593
0.150787
0.174510
0.162109
0.150195
0.151163
0.167181
0.165000
0.150958
0.153435
0.162738
0.150758
0.151698
0.153759
0.162921
0.163433
0.161710
0.163333
0.160148
0.178676
0.237363
0.132847
0.143636
0.159058
0.133213
0.200719
0.131541
0.131071
0.132384
0.135816
0.132862
0.131338
0.132281
0.131469
0.150871
0.177778
0.140830
0.151379
0.138144
0.163356
0.133447
0.132653
0.153898
0.161486
0.168687
0.168121
0.164548
0.161667
0.154153
0.169868
0.153135
0.150987
0.245902
0.132353
0.132248
0.149351
0.188997
0.131290
0.142765
0.241987
0.130990
0.131210
0.130476
0.140506
0.141956
0.150000
0.152038
0.225312
0.132399
0.141615
0.140248
0.139815
0.132000
0.245092
0.141284
0.140854
0.134954
0.248485
0.136254
0.248193
0.141441
0.141018
0.180299
0.146131
0.154599
0.218343
0.132448
0.133235
0.194428
0.258772
0.135860
0.139826
0.140290
0.140751
0.142075
0.237931
0.140115
0.131143
0.131624
0.144602
0.142210
0.194068
0.136056
0.155337
0.135854
0.154749
0.135376
0.138056
0.241551
0.132320
0.132231
0.130769
0.160822
0.241530
0.153406
0.138587
0.139837
0.154324
0.142318
0.236022
0.130563
0.133957
0.236800
0.141489
0.154377
0.155291
0.247493
0.139737
0.220210
0.172513
0.140470
0.151562
0.169091
0.149741
0.137726
0.138660
0.147815
0.157692
0.135038
0.125510
0.137659
0.139086
0.140000
0.133586
0.161461
0.130402
0.131328
0.140000
0.133416
0.135323
0.132010
0.234406
0.137037
0.130788
0.131695
0.133824
0.139609
0.157805
0.147202
0.237621
0.132446
0.131884
0.132289
0.133173
0.141487
0.142105
0.140573
0.133810
0.136105
0.217299
0.137116
0.133726
0.131294
0.128404
0.121077
0.128271
0.126573
0.125349
0.126682
0.247917
0.135335
0.133410
0.132414
0.150917
0.131350
0.133562
0.167654
0.242727
0.136508
0.137104
0.132731
0.131757
0.208315
0.137892
0.131767
0.146205
0.124053
0.234222
0.136807
0.130973
0.138411
0.135683
0.174505
0.137281
0.150328
0.163974
0.146623
0.126087
0.121692
0.122944
0.127862
0.204095
0.131398
0.139270
0.139400
0.136966
0.156503
0.134681
0.132272
0.130508
0.216702
0.147468
0.131579
0.130882
0.137526
0.213808
0.147390
0.132708
0.131393
0.131743
0.215528
0.138223
0.131959
0.138889
0.136550
0.237910
0.131902
0.178980
0.136456
0.137805
0.124746
0.128340
0.130303
0.124194
0.153119
0.148193
0.149900
0.155000
0.236527
0.134263
0.131412
0.136508
0.151881
0.135968
0.136686
0.137008
0.139293
0.135882
0.136595
0.147266
0.134893
0.130739
0.133592
0.131202
0.126499
0.137259
0.121002
0.125385
0.210173
0.136973
0.136138
0.136069
0.196381
0.144106
0.138330
0.136364
0.135728
0.138868
0.129944
0.122180
0.137523
0.135206
0.136449
0.138246
0.137430
0.172677
0.137291
0.130556
0.120702
0.130812
0.123941
0.124449
0.203119
0.229853
0.137294
0.136861
0.130601
0.136364
0.144283
0.130978
0.138156
0.134838
0.140000
0.133094
0.136984
0.134946
0.135242
0.137857
0.143672
0.131317
0.211723
0.224823
0.130796
0.184452
0.139683
0.138556
0.188928
0.132632
0.144308
0.131643
0.136998
0.237282
0.224696
0.138021
0.207972
0.145675
0.203109
0.132586
0.211704
0.134021
0.141852
0.142295
0.131795
0.138225
0.135605
0.136395
0.141256
0.139153
0.218951
0.211318
0.132546
0.192593
0.130756
0.167617
0.137353
0.133612
0.137229
0.135667
0.138769
0.138704
0.135489
0.136093
0.133058
0.170462
0.132455
0.148026
0.142036
0.129180
0.121768
0.124183
0.209951
0.220847
0.209106
0.135065
0.218963
0.123301
0.126494
0.121129
0.136393
0.136656
0.134992
0.132692
0.135680
0.206550
0.135566
0.215446
0.210811
0.218730
0.208241
0.135601
0.136809
0.222397
0.217638
0.206604
0.199215
0.134483
0.135837
0.138125
0.135413
0.134735
0.136236
0.133540
0.136589
0.134985
0.145904
0.134414
0.135593
0.139538
0.190476
0.179294
0.168913
0.181346
0.135573
0.138415
0.140030
0.137994
0.196813
0.135758
0.135855
0.133686
0.138160
0.217018
0.214135
0.172523
0.137181
0.133383
0.141256
0.133284
0.133830
0.211310
0.216048
0.207715
0.218667
0.207396
0.219793
0.135988
0.136377
0.132500
0.137298
0.202199
0.136603
0.206871
0.134599
0.134548
0.159971
0.144331
0.136865
0.245652
0.154848
0.160694
0.124098
0.122478
0.151367
0.153879
0.205022
0.205444
0.210014
0.209571
0.141369
0.124359
0.127454
0.199716
0.189220
0.133853
0.137907
0.133898
0.135825
0.135775
0.186639
0.135534
0.206031
0.214146
0.206294
0.134358
0.136123
0.134680
0.136996
0.136806
0.135506
0.137535
0.133748
0.134807
0.136966
0.195179
0.208391
0.200275
0.134705
0.136712
0.134747
0.209836
0.137108
0.135559
0.137007
0.191576
0.135957
0.136450
0.134506
0.209189
0.198111
0.134906
0.133782
0.136425
0.135705
0.198794
0.136145
0.192781
0.135781
0.132933
0.139680
0.133910
0.137052
0.134483
0.141060
0.135847
0.135799
0.210158
0.139526
0.136579
0.135611
0.205906
0.138532
0.134424
0.139739
0.198564
0.136115
0.134766
0.139142
0.134805
0.204021
0.189508
0.134541
0.136434
0.134194
0.134923
0.136937
0.135476
0.133376
0.135256
0.181818
0.174936
0.189272
0.189413
0.187898
0.190331
0.187929
0.184645
0.132319
0.135696
0.193173
0.191288
0.184363
0.135390
0.200503
0.200000
0.202635
0.204511
0.195119
0.196875
0.134332
0.136658
0.194022
0.193035
0.196025
0.134119
0.132962
0.197896
0.180593
0.198519
0.133909
0.193842
0.125830
0.123587
0.150798
0.140931
0.185435
0.138875
0.197070
0.191341
0.195493
0.135523
0.136209
0.133495
0.200848
0.139346
0.135913
0.204227
0.194331
0.133133
0.137425
0.183654
0.137935
0.132134
0.134850
0.194617
0.189367
0.134248
0.194875
0.204286
0.134721
0.198337
0.197272
0.198697
0.135266
0.136407
0.194333
0.196816
0.134982
0.196235
0.190834
0.181338
0.136342
0.138407
0.189357
0.179673
0.138623
0.135664
0.195809
0.194767
0.188269
0.176450
0.143801
0.135995
0.135723
0.135450
0.196770
0.184217
0.139701
0.164828
0.135017
0.134748
0.132417
0.135355
0.134400
0.196804
0.139225
0.140774
0.137656
0.138523
0.141771
0.200454
0.139185
0.196380
0.135480
0.135779
0.184442
0.134459
0.196738
0.180112
0.134007
0.139462
0.135946
0.141834
0.137877
0.182701
0.138350
0.159688
0.161290
0.160889
0.134295
0.134146
0.134662
0.194469
0.134475
0.135210
0.200000
0.180617
0.175798
0.134615
0.185840
0.135417
0.190142
0.142013
0.190492
0.134061
0.176772
0.136601
0.134494
0.136739
0.178502
0.134382
0.184290
0.138095
0.135568
0.142549
0.187271
0.134591
0.137783
0.133226
0.184103
0.136695
0.183708
0.133298
0.185134
0.137927
0.139061
0.138913
0.138871
0.150638
0.141339
0.142781
0.132025
0.137712
0.135661
0.136998
0.135269
0.171308
0.138462
0.177053
0.137855
0.177206
0.133893
0.186373
0.134346
0.136402
0.191432
0.135386
0.135766
0.184792
0.138918
0.184615
0.133956
0.132988
0.134611
0.136646
0.134436
0.184711
0.136120
0.181443
0.137693
0.134053
0.133813
0.190657
0.135282
0.189447
0.140635
0.136708
0.134014
0.192245
0.143935
0.175967
0.141811
0.133537
0.135025
0.136815
0.135562
0.134818
0.186249
0.176970
0.135116
0.137500
0.175227
0.134406
0.184724
0.135643
0.135005
0.184669
0.134935
